Connected Components Property File
24 31 0 1
30

0
0
0 0
0 0

1
109
2 9
16 23

2
2
2 22
3 22

3
1
3 8
3 8

4
26
3 5
13 11

5
6
3 26
4 28

6
4
4 2
5 3

7
3
6 24
6 26

8
5
7 27
9 29

9
1
11 3
11 3

10
5
11 4
14 5

11
3
13 3
15 3

12
1
14 26
14 26

13
1
14 30
14 30

14
1
15 23
15 23

15
1
15 27
15 27

16
43
15 19
24 30

17
22
16 3
21 8

18
1
16 10
16 10

19
1
17 2
17 2

20
2
17 8
17 9

21
9
17 14
19 18

22
1
18 20
18 20

23
2
19 18
19 19

24
1
19 21
19 21

25
3
20 14
22 14

26
1
20 22
20 22

27
8
21 15
24 17

28
2
21 20
22 20

29
1
22 4
22 4

30
1
23 3
23 3

